80
0.0  140.0  85.5
141.0  240.0  190.5
241.0  340.0  290.5
341.0  440.0  390.5
441.0  540.0  490.5
541.0  640.0  590.5
641.0  740.0  690.5
741.0  840.0  790.5
841.0  940.0  890.5
941.0  1040.0  990.5
1041.0  1140.0  1090.5
1141.0  1240.0  1190.5
1241.0  1340.0  1290.5
1341.0  1440.0  1390.5
1441.0  1540.0  1490.5
1541.0  1640.0  1590.5
1641.0  1740.0  1690.5
1741.0  1840.0  1790.5
1841.0  1940.0  1890.5
1941.0  2040.0  1990.5
2041.0  2140.0  2090.5
2141.0  2240.0  2190.5
2241.0  2340.0  2290.5
2341.0  2440.0  2390.5
2441.0  2540.0  2490.5
2541.0  2640.0  2590.5
2641.0  2740.0  2690.5
2741.0  2840.0  2790.5
2841.0  3040.0  2940.5
3041.0  3240.0  3140.5
3241.0  3640.0  3440.5
3641.0  4040.0  3840.5
4041.0  4440.0  4240.5
4441.0  4840.0  4640.5
4841.0  5240.0  5040.5
5241.0  5640.0  5440.5
5641.0  6040.0  5840.5
6041.0  6440.0  6240.5
6441.0  6840.0  6640.5
6841.0  7240.0  7040.5
7241.0  7640.0  7440.5
7641.0  8040.0  7840.5
8041.0  8440.0  8240.5
8441.0  8840.0  8640.5
8841.0  9240.0  9040.5
9241.0  9640.0  9440.5
9641.0  10040.0  9840.5
10041.0  10440.0  10240.5
10441.0  10840.0  10640.5
10841.0  11240.0  11040.5
11241.0  11640.0  11440.5
11641.0  12040.0  11840.5
12041.0  12440.0  12240.5
12441.0  12840.0  12640.5
12841.0  13240.0  13040.5
13241.0  13640.0  13440.5
13641.0  14040.0  13840.5
14041.0  14440.0  14240.5
14441.0  14840.0  14640.5
14841.0  15240.0  15040.5
15241.0  15640.0  15440.5
15641.0  16040.0  15840.5
16041.0  16440.0  16240.5
16441.0  16840.0  16640.5
16841.0  17240.0  17040.5
17241.0  17640.0  17440.5
17641.0  18040.0  17840.5
18041.0  18440.0  18240.5
18441.0  18840.0  18640.5
18841.0  19240.0  19040.5
19241.0  19640.0  19440.5
19641.0  20040.0  19840.5
20041.0  20440.0  20240.5
20441.0  20840.0  20640.5
20841.0  21240.0  21040.5
21241.0  21640.0  21440.5
21641.0  22040.0  21840.5
22041.0  22440.0  22240.5
22441.0  22840.0  22640.5
22841.0  23240.0  23040.5
