142
0.000000 100.000000 50.000000
101.000000 200.000000 150.500000
201.000000 300.000000 250.500000
301.000000 400.000000 350.500000
401.000000 500.000000 450.500000
501.000000 600.000000 550.500000
601.000000 700.000000 650.500000
701.000000 800.000000 750.500000
801.000000 900.000000 850.500000
901.000000 1000.000000 950.500000
1001.000000 1100.000000 1050.500000
1101.000000 1200.000000 1150.500000
1201.000000 1300.000000 1250.500000
1301.000000 1400.000000 1350.500000
1401.000000 1500.000000 1450.500000
1501.000000 1600.000000 1550.500000
1601.000000 1700.000000 1650.500000
1701.000000 1800.000000 1750.500000
1801.000000 1900.000000 1850.500000
1901.000000 2000.000000 1950.500000
2001.000000 2100.000000 2050.500000
2101.000000 2200.000000 2150.500000
2201.000000 2300.000000 2250.500000
2301.000000 2400.000000 2350.500000
2401.000000 2500.000000 2450.500000
2501.000000 2600.000000 2550.500000
2601.000000 2700.000000 2650.500000
2701.000000 2800.000000 2750.500000
2801.000000 2900.000000 2850.500000
2901.000000 3000.000000 2950.500000
3001.000000 3100.000000 3050.500000
3101.000000 3200.000000 3150.500000
3201.000000 3300.000000 3250.500000
3301.000000 3400.000000 3350.500000
3401.000000 3500.000000 3450.500000
3501.000000 3600.000000 3550.500000
3601.000000 3700.000000 3650.500000
3701.000000 3800.000000 3750.500000
3801.000000 3900.000000 3850.500000
3901.000000 4000.000000 3950.500000
4001.000000 4100.000000 4050.500000
4101.000000 4200.000000 4150.500000
4201.000000 4300.000000 4250.500000
4301.000000 4400.000000 4350.500000
4401.000000 4500.000000 4450.500000
4501.000000 4600.000000 4550.500000
4601.000000 4700.000000 4650.500000
4701.000000 4800.000000 4750.500000
4801.000000 4900.000000 4850.500000
4901.000000 5000.000000 4950.500000
5001.000000 5100.000000 5050.500000
5101.000000 5202.000000 5151.500000
5203.000000 5306.000000 5254.500000
5307.000000 5412.000000 5359.500000
5413.000000 5520.000000 5466.500000
5522.000000 5631.000000 5576.500000
5632.000000 5743.000000 5687.500000
5745.000000 5858.000000 5801.500000
5859.000000 5975.000000 5917.000000
5977.000000 6095.000000 6036.000000
6096.000000 6217.000000 6156.500000
6218.000000 6341.000000 6279.500000
6342.000000 6468.000000 6405.000000
6469.000000 6597.000000 6533.000000
6599.000000 6729.000000 6664.000000
6731.000000 6864.000000 6797.500000
6865.000000 7001.000000 6933.000000
7003.000000 7141.000000 7072.000000
7143.000000 7284.000000 7213.500000
7286.000000 7430.000000 7358.000000
7431.000000 7578.000000 7504.500000
7580.000000 7730.000000 7655.000000
7731.000000 7884.000000 7807.500000
7886.000000 8042.000000 7964.000000
8044.000000 8203.000000 8123.500000
8205.000000 8367.000000 8286.000000
8369.000000 8534.000000 8451.500000
8536.000000 8705.000000 8620.500000
8707.000000 8879.000000 8793.000000
8881.000000 9057.000000 8969.000000
9059.000000 9238.000000 9148.500000
9240.000000 9423.000000 9331.500000
9425.000000 9611.000000 9518.000000
9613.000000 9803.000000 9708.000000
9805.000000 9999.000000 9902.000000
10001.000000 10199.000000 10100.000000
10201.000000 10403.000000 10302.000000
10406.000000 10611.000000 10508.500000
10614.000000 10824.000000 10719.000000
10826.000000 11040.000000 10933.000000
11042.000000 11261.000000 11151.500000
11263.000000 11486.000000 11374.500000
11489.000000 11716.000000 11602.500000
11718.000000 11950.000000 11834.000000
11953.000000 12189.000000 12071.000000
12192.000000 12433.000000 12312.500000
12436.000000 12682.000000 12559.000000
12684.000000 12935.000000 12809.500000
12938.000000 13194.000000 13066.000000
13197.000000 13458.000000 13327.500000
13461.000000 13727.000000 13594.000000
13730.000000 14002.000000 13866.000000
14004.000000 14282.000000 14143.000000
14285.000000 14567.000000 14426.000000
14570.000000 14859.000000 14714.500000
14862.000000 15156.000000 15009.000000
15159.000000 15459.000000 15309.000000
15462.000000 15768.000000 15615.000000
15771.000000 16083.000000 15927.000000
16087.000000 16405.000000 16246.000000
16408.000000 16733.000000 16570.500000
16737.000000 17068.000000 16902.500000
17071.000000 17409.000000 17240.000000
17413.000000 17757.000000 17585.000000
17761.000000 18113.000000 17937.000000
18116.000000 18475.000000 18295.500000
18479.000000 18844.000000 18661.500000
18848.000000 19221.000000 19034.500000
19225.000000 19606.000000 19415.500000
19610.000000 19998.000000 19804.000000
20002.000000 20398.000000 20200.000000
20402.000000 20806.000000 20604.000000
20810.000000 21222.000000 21016.000000
21226.000000 21646.000000 21436.000000
21651.000000 22079.000000 21865.000000
22084.000000 22521.000000 22302.500000
22525.000000 22971.000000 22748.000000
22976.000000 23431.000000 23203.500000
23435.000000 23899.000000 23667.000000
23904.000000 24377.000000 24140.500000
24382.000000 24865.000000 24623.500000
24870.000000 25362.000000 25116.000000
25367.000000 25869.000000 25618.000000
25874.000000 26387.000000 26130.500000
26392.000000 26914.000000 26653.000000
26920.000000 27453.000000 27186.500000
27458.000000 28002.000000 27730.000000
28007.000000 28562.000000 28284.500000
28567.000000 29133.000000 28850.000000
29139.000000 29716.000000 29427.500000
29722.000000 30310.000000 30016.000000
30316.000000 30916.000000 30616.000000


