45
0.000000 200.000000 100.000000
201.000000 400.000000 300.500000
401.000000 600.000000 500.500000
601.000000 800.000000 700.500000
801.000000 1000.000000 900.500000
1001.000000 1200.000000 1100.500000
1201.000000 1400.000000 1300.500000
1401.000000 1600.000000 1500.500000
1601.000000 1800.000000 1700.500000
1801.000000 2000.000000 1900.500000
2001.000000 2200.000000 2100.500000
2201.000000 2400.000000 2300.500000
2401.000000 2600.000000 2500.500000
2601.000000 2800.000000 2700.500000
2801.000000 3000.000000 2900.500000
3001.000000 3200.000000 3100.500000
3201.000000 3413.000000 3307.000000
3414.000000 3641.000000 3527.500000
3642.000000 3884.000000 3763.000000
3885.000000 4143.000000 4014.000000
4144.000000 4419.000000 4281.500000
4420.000000 4713.000000 4566.500000
4715.000000 5027.000000 4871.000000
5029.000000 5363.000000 5196.000000
5364.000000 5720.000000 5542.000000
5722.000000 6102.000000 5912.000000
6104.000000 6508.000000 6306.000000
6510.000000 6942.000000 6726.000000
6944.000000 7405.000000 7174.500000
7407.000000 7899.000000 7653.000000
7901.000000 8425.000000 8163.000000
8428.000000 8987.000000 8707.500000
8990.000000 9586.000000 9288.000000
9589.000000 10225.000000 9907.000000
10228.000000 10907.000000 10567.500000
10910.000000 11634.000000 11272.000000
11638.000000 12409.000000 12023.500000
12414.000000 13237.000000 12825.500000
13241.000000 14119.000000 13680.000000
14124.000000 15060.000000 14592.000000
15066.000000 16065.000000 15565.500000
16070.000000 17136.000000 16603.000000
17141.000000 18278.000000 17709.500000
18284.000000 19496.000000 18890.000000
19503.000000 20796.000000 20149.500000
