80
0.000000 100.000000 50.000000
101.000000 200.000000 150.500000
201.000000 300.000000 250.500000
301.000000 400.000000 350.500000
401.000000 500.000000 450.500000
501.000000 600.000000 550.500000
601.000000 700.000000 650.500000
701.000000 800.000000 750.500000
801.000000 900.000000 850.500000
901.000000 1000.000000 950.500000
1001.000000 1100.000000 1050.500000
1101.000000 1200.000000 1150.500000
1201.000000 1300.000000 1250.500000
1301.000000 1400.000000 1350.500000
1401.000000 1500.000000 1450.500000
1501.000000 1600.000000 1550.500000
1601.000000 1700.000000 1650.500000
1701.000000 1800.000000 1750.500000
1801.000000 1900.000000 1850.500000
1901.000000 2000.000000 1950.500000
2001.000000 2100.000000 2050.500000
2101.000000 2200.000000 2150.500000
2201.000000 2300.000000 2250.500000
2301.000000 2400.000000 2350.500000
2401.000000 2500.000000 2450.500000
2501.000000 2600.000000 2550.500000
2601.000000 2700.000000 2650.500000
2701.000000 2800.000000 2750.500000
2801.000000 2900.000000 2850.500000
2901.000000 3000.000000 2950.500000
3001.000000 3100.000000 3050.500000
3101.000000 3300.000000 3200.500000
3301.000000 3500.000000 3400.500000
3501.000000 3700.000000 3600.500000
3701.000000 3900.000000 3800.500000
3901.000000 4100.000000 4000.500000
4101.000000 4300.000000 4200.500000
4301.000000 4500.000000 4400.500000
4501.000000 4700.000000 4600.500000
4701.000000 4900.000000 4800.500000
4901.000000 5100.000000 5000.500000
5101.000000 5300.000000 5200.500000
5301.000000 5500.000000 5400.500000
5501.000000 5700.000000 5600.500000
5701.000000 5900.000000 5800.500000
5901.000000 6100.000000 6000.500000
6101.000000 6300.000000 6200.500000
6301.000000 6500.000000 6400.500000
6501.000000 6700.000000 6600.500000
6701.000000 6900.000000 6800.500000
6901.000000 7100.000000 7000.500000
7101.000000 7300.000000 7200.500000
7301.000000 7500.000000 7400.500000
7501.000000 7700.000000 7600.500000
7701.000000 7900.000000 7800.500000
7901.000000 8100.000000 8000.500000
8101.000000 8300.000000 8200.500000
8301.000000 8500.000000 8400.500000
8501.000000 8700.000000 8600.500000
8701.000000 8900.000000 8800.500000
8901.000000 9100.000000 9000.500000
9101.000000 9300.000000 9200.500000
9301.000000 9500.000000 9400.500000
9501.000000 9700.000000 9600.500000
9701.000000 9900.000000 9800.500000
9901.000000 10100.000000 10000.500000
10101.000000 10300.000000 10200.500000
10301.000000 10500.000000 10400.500000
10501.000000 10700.000000 10600.500000
10701.000000 10900.000000 10800.500000
10901.000000 11100.000000 11000.500000
11101.000000 11300.000000 11200.500000
11301.000000 11500.000000 11400.500000
11501.000000 11700.000000 11600.500000
11701.000000 11900.000000 11800.500000
11901.000000 12100.000000 12000.500000
12101.000000 12300.000000 12200.500000
12301.000000 12500.000000 12400.500000
12501.000000 12700.000000 12600.500000
12701.000000 12900.000000 12800.500000
