80
0.0  140.0  85.5
141.0  190.0  165.5
191.0  240.0  215.5
241.0  290.0  265.5
291.0  340.0  315.5
341.0  390.0  365.5
391.0  440.0  415.5
441.0  500.0  470.5
501.0  560.0  530.5
561.0  620.0  590.5
621.0  680.0  650.5
681.0  740.0  710.5
741.0  800.0  770.5
801.0  860.0  830.5
861.0  920.0  890.5
921.0  980.0  950.5
981.0  1040.0  1010.5
1041.0  1100.0  1070.5
1101.0  1160.0  1130.5
1161.0  1220.0  1190.5
1221.0  1280.0  1250.5
1281.0  1340.0  1310.5
1341.0  1400.0  1370.5
1401.0  1460.0  1430.5
1461.0  1520.0  1490.5
1521.0  1580.0  1550.5
1581.0  1640.0  1610.5
1641.0  1700.0  1670.5
1701.0  1760.0  1730.5
1761.0  1820.0  1790.5
1821.0  1880.0  1850.5
1881.0  1940.0  1910.5
1941.0  2000.0  1970.5
2001.0  2060.0  2030.5
2061.0  2120.0  2090.5
2121.0  2180.0  2150.5
2181.0  2240.0  2210.5
2241.0  2340.0  2290.5
2341.0  2440.0  2390.5
2441.0  2540.0  2490.5
2541.0  2640.0  2590.5
2641.0  2740.0  2690.5
2741.0  2840.0  2790.5
2841.0  2940.0  2890.5
2941.0  3040.0  2990.5
3041.0  3440.0  3240.5
3441.0  3840.0  3640.5
3841.0  4240.0  4040.5
4241.0  4640.0  4440.5
4641.0  5040.0  4840.5
5041.0  5440.0  5240.5
5441.0  5840.0  5640.5
5841.0  6240.0  6040.5
6241.0  6640.0  6440.5
6641.0  7040.0  6840.5
7041.0  7440.0  7240.5
7441.0  7840.0  7640.5
7841.0  8240.0  8040.5
8241.0  8640.0  8440.5
8641.0  9040.0  8840.5
9041.0  9440.0  9240.5
9441.0  9840.0  9640.5
9841.0  10240.0  10040.5
10241.0  10640.0  10440.5
10641.0  11040.0  10840.5
11041.0  11440.0  11240.5
11441.0  11840.0  11640.5
11841.0  12240.0  12040.5
12241.0  12640.0  12440.5
12641.0  13040.0  12840.5
13041.0  13440.0  13240.5
13441.0  13840.0  13640.5
13841.0  14240.0  14040.5
14241.0  14640.0  14440.5
14641.0  15040.0  14840.5
15041.0  15440.0  15240.5
15441.0  15840.0  15640.5
15841.0  16240.0  16040.5
16241.0  16640.0  16440.5
16641.0  17040.0  16840.5
