80
0.0  160.0  80.0
160.0  260.0  210.0
260.0  360.0  310.0
360.0  460.0  410.0
460.0  560.0  510.0
560.0  660.0  610.0
660.0  760.0  710.0
760.0  860.0  810.0
860.0  935.0  897.5
935.0  1010.0  972.5
1010.0  1085.0  1047.5
1085.0  1160.0  1122.5
1160.0  1235.0  1197.5
1235.0  1310.0  1272.5
1310.0  1385.0  1347.5
1385.0  1460.0  1422.5
1460.0  1535.0  1497.5
1535.0  1610.0  1572.5
1610.0  1685.0  1647.5
1685.0  1760.0  1722.5
1760.0  1835.0  1797.5
1835.0  1910.0  1872.5
1910.0  2010.0  1960.0
2010.0  2110.0  2060.0
2110.0  2210.0  2160.0
2210.0  2310.0  2260.0
2310.0  2460.0  2385.0
2460.0  2610.0  2535.0
2610.0  2760.0  2685.0
2760.0  2960.0  2860.0
2960.0  3160.0  3060.0
3160.0  3560.0  3360.0
3560.0  3960.0  3760.0
3960.0  4360.0  4160.0
4360.0  4760.0  4560.0
4760.0  5660.0  5210.0
5660.0  6560.0  6110.0
6560.0  7460.0  7010.0
7460.0  8360.0  7910.0
8360.0  9260.0  8810.0
9260.0  10160.0  9710.0
10160.0  11060.0  10610.0
11060.0  11960.0  11510.0
11960.0  12860.0  12410.0
12860.0  13760.0  13310.0
13760.0  14660.0  14210.0
14660.0  15560.0  15110.0
15560.0  16460.0  16010.0
16460.0  17360.0  16910.0
17360.0  18260.0  17810.0
18260.0  19160.0  18710.0
19160.0  20060.0  19610.0
20060.0  20960.0  20510.0
20960.0  21860.0  21410.0
21860.0  22760.0  22310.0
22760.0  23660.0  23210.0
23660.0  24560.0  24110.0
24560.0  25460.0  25010.0
25460.0  26360.0  25910.0
26360.0  27260.0  26810.0
27260.0  28160.0  27710.0
28160.0  29060.0  28610.0
29060.0  29960.0  29510.0
29960.0  30860.0  30410.0
30860.0  31760.0  31310.0
31760.0  32660.0  32210.0
32660.0  33560.0  33110.0
33560.0  34460.0  34010.0
34460.0  35360.0  34910.0
35360.0  36260.0  35810.0
36260.0  37160.0  36710.0
37160.0  38060.0  37610.0
38060.0  38960.0  38510.0
38960.0  39860.0  39410.0
39860.0  40760.0  40310.0
40760.0  41660.0  41210.0
41660.0  42560.0  42110.0
42560.0  43460.0  43010.0
43460.0  44360.0  43910.0
44360.0  45260.0  44810.0
