80
0.0  160.0  80.0
160.0  260.0  210.0
260.0  360.0  310.0
360.0  460.0  410.0
460.0  560.0  510.0
560.0  660.0  610.0
660.0  760.0  710.0
760.0  860.0  810.0
860.0  935.0  897.5
935.0  1010.0  972.5
1010.0  1085.0  1047.5
1085.0  1160.0  1122.5
1160.0  1235.0  1197.5
1235.0  1310.0  1272.5
1310.0  1385.0  1347.5
1385.0  1460.0  1422.5
1460.0  1535.0  1497.5
1535.0  1610.0  1572.5
1610.0  1685.0  1647.5
1685.0  1760.0  1722.5
1760.0  1835.0  1797.5
1835.0  1910.0  1872.5
1910.0  1985.0  1947.5
1985.0  2060.0  2022.5
2060.0  2135.0  2097.5
2135.0  2335.0  2235.0
2335.0  2535.0  2435.0
2535.0  2735.0  2635.0
2735.0  2935.0  2835.0
2935.0  3335.0  3135.0
3335.0  3735.0  3535.0
3735.0  4135.0  3935.0
4135.0  4535.0  4335.0
4535.0  4935.0  4735.0
4935.0  5835.0  5385.0
5835.0  6735.0  6285.0
6735.0  7635.0  7185.0
7635.0  8535.0  8085.0
8535.0  9435.0  8985.0
9435.0  10335.0  9885.0
10335.0  11235.0  10785.0
11235.0  12135.0  11685.0
12135.0  13035.0  12585.0
13035.0  13935.0  13485.0
13935.0  14835.0  14385.0
14835.0  15735.0  15285.0
15735.0  16635.0  16185.0
16635.0  17535.0  17085.0
17535.0  18435.0  17985.0
18435.0  19335.0  18885.0
19335.0  20235.0  19785.0
20235.0  21135.0  20685.0
21135.0  22035.0  21585.0
22035.0  22935.0  22485.0
22935.0  23835.0  23385.0
23835.0  24735.0  24285.0
24735.0  25635.0  25185.0
25635.0  26535.0  26085.0
26535.0  27435.0  26985.0
27435.0  28335.0  27885.0
28335.0  29235.0  28785.0
29235.0  30135.0  29685.0
30135.0  31035.0  30585.0
31035.0  31935.0  31485.0
31935.0  32835.0  32385.0
32835.0  33735.0  33285.0
33735.0  34635.0  34185.0
34635.0  35535.0  35085.0
35535.0  36435.0  35985.0
36435.0  37335.0  36885.0
37335.0  38235.0  37785.0
38235.0  39135.0  38685.0
39135.0  40035.0  39585.0
40035.0  40935.0  40485.0
40935.0  41835.0  41385.0
41835.0  42735.0  42285.0
42735.0  43635.0  43185.0
43635.0  44535.0  44085.0
44535.0  45435.0  44985.0
45435.0  46335.0  45885.0
