80
0.0  140.0  70.0
140.0  240.0  190.0
240.0  340.0  290.0
340.0  440.0  390.0
440.0  540.0  490.0
540.0  640.0  590.0
640.0  740.0  690.0
740.0  840.0  790.0
840.0  940.0  890.0
940.0  1040.0  990.0
1040.0  1140.0  1090.0
1140.0  1240.0  1190.0
1240.0  1340.0  1290.0
1340.0  1440.0  1390.0
1440.0  1540.0  1490.0
1540.0  1640.0  1590.0
1640.0  1740.0  1690.0
1740.0  1840.0  1790.0
1840.0  1940.0  1890.0
1940.0  2040.0  1990.0
2040.0  2140.0  2090.0
2140.0  2340.0  2240.0
2340.0  2540.0  2440.0
2540.0  2740.0  2640.0
2740.0  2940.0  2840.0
2940.0  3340.0  3140.0
3340.0  3740.0  3540.0
3740.0  4140.0  3940.0
4140.0  4540.0  4340.0
4540.0  4940.0  4740.0
4940.0  5840.0  5390.0
5840.0  6740.0  6290.0
6740.0  7640.0  7190.0
7640.0  8540.0  8090.0
8540.0  9440.0  8990.0
9440.0  10340.0  9890.0
10340.0  11240.0  10790.0
11240.0  12140.0  11690.0
12140.0  13040.0  12590.0
13040.0  13940.0  13490.0
13940.0  14840.0  14390.0
14840.0  15740.0  15290.0
15740.0  16640.0  16190.0
16640.0  17540.0  17090.0
17540.0  18440.0  17990.0
18440.0  19340.0  18890.0
19340.0  20240.0  19790.0
20240.0  21140.0  20690.0
21140.0  22040.0  21590.0
22040.0  22940.0  22490.0
22940.0  23840.0  23390.0
23840.0  24740.0  24290.0
24740.0  25640.0  25190.0
25640.0  26540.0  26090.0
26540.0  27440.0  26990.0
27440.0  28340.0  27890.0
28340.0  29240.0  28790.0
29240.0  30140.0  29690.0
30140.0  31040.0  30590.0
31040.0  31940.0  31490.0
31940.0  32840.0  32390.0
32840.0  33740.0  33290.0
33740.0  34640.0  34190.0
34640.0  35540.0  35090.0
35540.0  36440.0  35990.0
36440.0  37340.0  36890.0
37340.0  38240.0  37790.0
38240.0  39140.0  38690.0
39140.0  40040.0  39590.0
40040.0  40940.0  40490.0
40940.0  41840.0  41390.0
41840.0  42740.0  42290.0
42740.0  43640.0  43190.0
43640.0  44540.0  44090.0
44540.0  45440.0  44990.0
45440.0  46340.0  45890.0
46340.0  47240.0  46790.0
47240.0  48140.0  47690.0
48140.0  49040.0  48590.0
49040.0  49940.0  49490.0
