60
0.0  140.0  85.5
141.0  210.0  175.5
211.0  280.0  245.5
281.0  350.0  315.5
351.0  420.0  385.5
421.0  490.0  455.5
491.0  560.0  525.5
561.0  630.0  595.5
631.0  700.0  665.5
701.0  770.0  735.5
771.0  840.0  805.5
841.0  910.0  875.5
911.0  980.0  945.5
981.0  1050.0  1015.5
1051.0  1120.0  1085.5
1121.0  1190.0  1155.5
1191.0  1260.0  1225.5
1261.0  1330.0  1295.5
1331.0  1400.0  1365.5
1401.0  1470.0  1435.5
1471.0  1540.0  1505.5
1541.0  1610.0  1575.5
1611.0  1680.0  1645.5
1681.0  1750.0  1715.5
1751.0  1820.0  1785.5
1821.0  1890.0  1855.5
1891.0  1960.0  1925.5
1961.0  2030.0  1995.5
2031.0  2100.0  2065.5
2101.0  2170.0  2135.5
2171.0  2240.0  2205.5
2241.0  2310.0  2275.5
2311.0  2380.0  2345.5
2381.0  2450.0  2415.5
2451.0  2520.0  2485.5
2521.0  2590.0  2555.5
2591.0  2660.0  2625.5
2661.0  2730.0  2695.5
2731.0  2800.0  2765.5
2801.0  3200.0  3000.5
3201.0  3600.0  3400.5
3601.0  4000.0  3800.5
4001.0  4400.0  4200.5
4401.0  4800.0  4600.5
4801.0  5200.0  5000.5
5201.0  5600.0  5400.5
5601.0  6000.0  5800.5
6001.0  6400.0  6200.5
6401.0  6800.0  6600.5
6801.0  7200.0  7000.5
7201.0  7600.0  7400.5
7601.0  8000.0  7800.5
8001.0  8400.0  8200.5
8401.0  8800.0  8600.5
8801.0  9200.0  9000.5
9201.0  9600.0  9400.5
9601.0  10000.0  9800.5
10001.0  10400.0  10200.5
10401.0  10800.0  10600.5
10801.0  11200.0  11000.5
