80
0.0  140.0  70.0
140.0  215.0  177.5
215.0  290.0  252.5
290.0  365.0  327.5
365.0  440.0  402.5
440.0  515.0  477.5
515.0  590.0  552.5
590.0  665.0  627.5
665.0  740.0  702.5
740.0  815.0  777.5
815.0  890.0  852.5
890.0  965.0  927.5
965.0  1040.0  1002.5
1040.0  1115.0  1077.5
1115.0  1190.0  1152.5
1190.0  1265.0  1227.5
1265.0  1340.0  1302.5
1340.0  1415.0  1377.5
1415.0  1490.0  1452.5
1490.0  1565.0  1527.5
1565.0  1640.0  1602.5
1640.0  1715.0  1677.5
1715.0  1790.0  1752.5
1790.0  1865.0  1827.5
1865.0  1940.0  1902.5
1940.0  2015.0  1977.5
2015.0  2090.0  2052.5
2090.0  2165.0  2127.5
2165.0  2365.0  2265.0
2365.0  2565.0  2465.0
2565.0  2765.0  2665.0
2765.0  2965.0  2865.0
2965.0  3165.0  3065.0
3165.0  3365.0  3265.0
3365.0  3765.0  3565.0
3765.0  4165.0  3965.0
4165.0  4565.0  4365.0
4565.0  4965.0  4765.0
4965.0  5765.0  5365.0
5765.0  6565.0  6165.0
6565.0  7365.0  6965.0
7365.0  8165.0  7765.0
8165.0  8965.0  8565.0
8965.0  9765.0  9365.0
9765.0  10565.0  10165.0
10565.0  11365.0  10965.0
11365.0  12165.0  11765.0
12165.0  12965.0  12565.0
12965.0  13765.0  13365.0
13765.0  14565.0  14165.0
14565.0  15365.0  14965.0
15365.0  16165.0  15765.0
16165.0  16965.0  16565.0
16965.0  17765.0  17365.0
17765.0  18565.0  18165.0
18565.0  19365.0  18965.0
19365.0  20165.0  19765.0
20165.0  20965.0  20565.0
20965.0  21765.0  21365.0
21765.0  22565.0  22165.0
22565.0  23365.0  22965.0
23365.0  24165.0  23765.0
24165.0  24965.0  24565.0
24965.0  25765.0  25365.0
25765.0  26565.0  26165.0
26565.0  27365.0  26965.0
27365.0  28165.0  27765.0
28165.0  28965.0  28565.0
28965.0  29765.0  29365.0
29765.0  30565.0  30165.0
30565.0  31365.0  30965.0
31365.0  32165.0  31765.0
32165.0  32965.0  32565.0
32965.0  33765.0  33365.0
33765.0  34565.0  34165.0
34565.0  35365.0  34965.0
35365.0  36165.0  35765.0
36165.0  36965.0  36565.0
36965.0  37765.0  37365.0
37765.0  38565.0  38165.0
