65
0.000000 140.000000   85.500000
141.000000 190.000000 165.500000
191.000000 240.000000 215.500000
241.000000 290.000000 265.500000
291.000000 340.000000 315.500000
341.000000 390.000000 365.500000
391.000000 440.000000 415.500000
441.000000 490.000000 465.500000
491.000000 540.000000 515.500000
541.000000 590.000000 565.500000
591.000000 640.000000 615.500000
641.000000 690.000000 665.500000
691.000000 740.000000 715.500000
741.000000 790.000000 765.500000
791.000000 840.000000 815.500000
841.000000 890.000000 865.500000
891.000000 940.000000 915.500000
941.000000 990.000000 965.500000
991.000000 1040.000000 1015.500000
1041.000000 1090.000000 1065.500000
1091.000000 1140.000000 1115.500000
1141.000000 1190.000000 1165.500000
1191.000000 1240.000000 1215.500000
1241.000000 1290.000000 1265.500000
1291.000000 1340.000000 1315.500000
1341.000000 1390.000000 1365.500000
1391.000000 1440.000000 1415.500000
1441.000000 1490.000000 1465.500000
1491.000000 1540.000000 1515.500000
1541.000000 1590.000000 1565.500000
1591.000000 1640.000000 1615.500000
1641.000000 1690.000000 1665.500000
1691.000000 1740.000000 1715.500000
1741.000000 1790.000000 1765.500000
1791.000000 1840.000000 1815.500000
1841.000000 1890.000000 1865.500000
1891.000000 1940.000000 1915.500000
1941.000000 1990.000000 1965.500000
1991.000000 2040.000000 2015.500000
2041.000000 2090.000000 2065.500000
2091.000000 2140.000000 2115.500000
2141.000000 2190.000000 2165.500000
2191.000000 2240.000000 2215.500000
2241.000000 2290.000000 2265.500000
2291.000000 2340.000000 2315.500000
2341.000000 2390.000000 2365.500000
2391.000000 2700.000000 2550.500000
2701.000000 3000.000000 2850.500000
3001. 3400.  3184 
3401. 3800.  3581.
3801. 4200.  3992.
4201. 4600.  4401.
4601. 5000.  4789. 
5001. 5900.  5448. 
5901. 6800.  6359. 
6801. 7700.  7255. 
7701. 8600.  8161. 
8601. 9500.  9059.
9501. 9900.  9750.0
9901.000000 10200.000000 10050.500000
10201.000000 10500.000000 10350.500000
10501.000000 10800.000000 10650.500000
10801.000000 11100.000000 10950.500000
11101.000000 11400.000000 11250.500000
11401.000000 11700.000000 11550.500000
