34
0.000000 300.000000 150.000000
301.000000 550.000000 425.500000
551.000000 800.000000 675.500000
801.000000 1050.000000 925.500000
1051.000000 1300.000000 1175.500000
1301.000000 1550.000000 1425.500000
1551.000000 1800.000000 1675.500000
1801.000000 2050.000000 1925.500000
2051.000000 2300.000000 2175.500000
2301.000000 2550.000000 2425.500000
2551.000000 2800.000000 2675.500000
2801.000000 3050.000000 2925.500000
3051.000000 3300.000000 3175.500000
3301.000000 3550.000000 3425.500000
3551.000000 3800.000000 3675.500000
3801.000000 4050.000000 3925.500000
4051.000000 4300.000000 4175.500000
4301.000000 5300.000000 4800.500000
5301.000000 6300.000000 5800.500000
6301.000000 7300.000000 6800.500000
7301.000000 8300.000000 7800.500000
8301.000000 9300.000000 8800.500000
9301.000000 10300.000000 9800.500000
10301.000000 11300.000000 10800.500000
11301.000000 12300.000000 11800.500000
12301.000000 13300.000000 12800.500000
13301.000000 14300.000000 13800.500000
14301.000000 15300.000000 14800.500000
15301.000000 16300.000000 15800.500000
16301.000000 17300.000000 16800.500000
17301.000000 18300.000000 17800.500000
18301.000000 19300.000000 18800.500000
19301.000000 20300.000000 19800.500000
20301.000000 21300.000000 20800.500000
