73
0.0  140.0  85.5
141.0  200.0  170.5
201.0  260.0  230.5
261.0  320.0  290.5
321.0  380.0  350.5
381.0  440.0  410.5
441.0  500.0  470.5
501.0  560.0  530.5
561.0  620.0  590.5
621.0  680.0  650.5
681.0  740.0  710.5
741.0  800.0  770.5
801.0  860.0  830.5
861.0  920.0  890.5
921.0  980.0  950.5
981.0  1040.0  1010.5
1041.0  1100.0  1070.5
1101.0  1160.0  1130.5
1161.0  1220.0  1190.5
1221.0  1280.0  1250.5
1281.0  1340.0  1310.5
1341.0  1400.0  1370.5
1401.0  1460.0  1430.5
1461.0  1520.0  1490.5
1521.0  1580.0  1550.5
1581.0  1640.0  1610.5
1641.0  1700.0  1670.5
1701.0  1760.0  1730.5
1761.0  1820.0  1790.5
1821.0  1880.0  1850.5
1881.0  1940.0  1910.5
1941.0  2000.0  1970.5
2001.0  2060.0  2030.5
2061.0  2120.0  2090.5
2121.0  2180.0  2150.5
2181.0  2240.0  2210.5
2241.0  2300.0  2270.5
2301.0  2360.0  2330.5
2361.0  2420.0  2390.5
2421.0  2480.0  2450.5
2481.0  2540.0  2510.5
2541.0  2600.0  2570.5
2601.0  2660.0  2630.5
2661.0  2720.0  2690.5
2721.0  2780.0  2750.5
2781.0  2840.0  2810.5
2841.0  2940.0  2890.5
2941.0  3040.0  2990.5
3041.0  3140.0  3090.5
3141.0  3240.0  3190.5
3241.0  3340.0  3290.5
3341.0  3440.0  3390.5
3441.0  3540.0  3490.5
3541.0  3940.0  3740.5
3941.0  4340.0  4140.5
4341.0  4740.0  4540.5
4741.0  5140.0  4940.5
5141.0  5540.0  5340.5
5541.0  5940.0  5740.5
5941.0  6340.0  6140.5
6341.0  6740.0  6540.5
6741.0  7140.0  6940.5
7141.0  7540.0  7340.5
7541.0  7940.0  7740.5
7941.0  8340.0  8140.5
8341.0  8740.0  8540.5
8741.0  9140.0  8940.5
9141.0  9540.0  9340.5
9541.0  9940.0  9740.5
9941.0  10340.0  10140.5
10341.0  10740.0  10540.5
10741.0  11140.0  10940.5
11141.0  11540.0  11340.5
